asv	NH4_c_mean	NO2_c_mean	lat	Si.OH.4_c_mean	lon	Fix_Temp_C	Sal00	TDN_c_mean	PO4_c_mean	TDP_c_mean	NO3.NO2_c_mean
asv3	-0.21	-0.1	-0.05	0.49	0	0.32	0.36	0.52	0.51	0.5	0.55
asv4	-0.24	-0.1	-0.06	0.26	0	0.57	0.34	0.5	0.47	0.47	0.51
asv8	-0.21	-0.08	0	0.14	0	0.57	0.27	0.41	0.39	0.39	0.42
asv12	-0.2	-0.09	-0.15	0.12	0.02	0.64	0.3	0.42	0.39	0.39	0.42
asv15	-0.28	-0.12	-0.06	0.43	0	0.59	0.43	0.62	0.6	0.59	0.65
asv17	-0.11	-0.06	-0.03	0.46	-0.01	0.01	0.23	0.33	0.33	0.32	0.36
asv26	-0.11	-0.07	-0.05	0.46	0	0.04	0.24	0.34	0.35	0.34	0.37
asv29	-0.16	-0.09	-0.09	0.46	0	0.21	0.31	0.44	0.43	0.42	0.46
asv31	-0.11	-0.07	-0.04	0.46	0	0.03	0.24	0.34	0.34	0.33	0.36
asv33	-0.24	-0.09	-0.03	0.22	0	0.6	0.33	0.49	0.46	0.46	0.5
asv34	-0.23	-0.08	-0.01	0.19	0	0.57	0.3	0.45	0.42	0.42	0.46
asv35	-0.13	-0.07	-0.07	0.47	0	0.09	0.27	0.37	0.37	0.36	0.4
asv42	-0.14	-0.07	0.01	0.5	-0.01	0.06	0.27	0.39	0.39	0.38	0.42
asv43	-0.12	-0.06	-0.01	0.46	-0.01	0.01	0.23	0.34	0.34	0.33	0.36
asv54	-0.21	-0.08	-0.02	0.11	0	0.59	0.27	0.4	0.38	0.38	0.41
asv55	-0.22	-0.11	-0.13	0.43	0.01	0.45	0.38	0.53	0.51	0.51	0.56
asv56	-0.22	-0.1	-0.03	0.48	-0.01	0.34	0.36	0.53	0.52	0.51	0.56
asv61	-0.25	-0.1	-0.09	0.14	0.01	0.72	0.34	0.48	0.45	0.45	0.49
asv70	-0.13	-0.07	-0.08	0.46	0	0.1	0.27	0.37	0.37	0.36	0.39
asv74	-0.13	-0.08	-0.1	0.44	0	0.13	0.27	0.37	0.37	0.36	0.4
asv80	-0.26	-0.1	-0.09	0.18	0.01	0.74	0.36	0.52	0.49	0.49	0.53
asv82	-0.1	-0.06	-0.04	0.45	0	0.01	0.23	0.32	0.32	0.31	0.34
asv84	-0.17	-0.09	-0.09	0.47	0	0.24	0.32	0.46	0.45	0.44	0.48
asv88	-0.13	-0.08	-0.09	0.46	0	0.12	0.28	0.38	0.38	0.37	0.41
asv89	-0.23	-0.09	-0.07	0.21	0	0.6	0.33	0.47	0.45	0.45	0.48
asv98	-0.26	-0.11	-0.05	0.33	0	0.6	0.39	0.56	0.54	0.53	0.58
asv100	-0.25	-0.11	-0.11	0.34	0.01	0.59	0.39	0.56	0.53	0.53	0.58
asv103	-0.12	-0.07	-0.06	0.46	0	0.06	0.25	0.35	0.35	0.34	0.38
asv104	-0.19	-0.07	-0.05	0.09	0	0.57	0.25	0.37	0.34	0.34	0.37
asv105	-0.13	-0.08	-0.08	0.45	0	0.13	0.27	0.38	0.37	0.36	0.4
asv107	-0.24	-0.09	-0.05	0.14	0	0.68	0.32	0.47	0.44	0.44	0.48
asv108	-0.26	-0.1	-0.03	0.33	0	0.57	0.37	0.55	0.52	0.52	0.57
asv112	-0.22	-0.09	-0.11	0.17	0.01	0.64	0.33	0.46	0.43	0.43	0.47
asv126	-0.25	-0.11	-0.01	0.5	-0.01	0.41	0.4	0.58	0.57	0.56	0.61
asv129	-0.2	-0.1	-0.07	0.47	0	0.32	0.35	0.5	0.49	0.48	0.53
asv130	-0.12	-0.07	-0.09	0.45	0	0.09	0.26	0.36	0.36	0.35	0.39
asv136	-0.12	-0.07	-0.05	0.46	0	0.07	0.26	0.36	0.36	0.35	0.39
asv141	-0.1	-0.07	-0.09	0.42	0	0.05	0.23	0.32	0.32	0.31	0.34
asv145	-0.21	-0.1	-0.02	0.53	-0.01	0.27	0.36	0.53	0.52	0.51	0.56
asv147	-0.13	-0.07	-0.03	0.48	-0.01	0.05	0.26	0.37	0.37	0.36	0.4
asv148	-0.11	-0.07	-0.07	0.46	0	0.05	0.24	0.34	0.34	0.33	0.37
asv153	-0.25	-0.11	-0.1	0.29	0.01	0.63	0.38	0.54	0.52	0.51	0.56
asv154	-0.11	-0.06	-0.06	0.45	0	0.02	0.23	0.33	0.33	0.32	0.35
asv161	-0.15	-0.08	-0.06	0.49	0	0.15	0.3	0.42	0.42	0.41	0.45
asv167	-0.13	-0.07	-0.02	0.48	-0.01	0.04	0.25	0.36	0.36	0.35	0.39
asv171	-0.17	-0.09	-0.06	0.48	0	0.19	0.31	0.44	0.44	0.43	0.47
asv174	-0.12	-0.07	-0.08	0.44	0	0.08	0.25	0.35	0.35	0.34	0.37
asv176	-0.21	-0.08	-0.07	0.09	0.01	0.63	0.28	0.4	0.37	0.37	0.4
asv177	-0.26	-0.11	-0.02	0.43	-0.01	0.51	0.4	0.59	0.57	0.56	0.61
asv182	-0.11	-0.06	-0.04	0.45	0	0.02	0.23	0.33	0.33	0.32	0.35
asv188	-0.11	-0.07	-0.06	0.46	0	0.03	0.24	0.34	0.34	0.33	0.36
asv189	-0.14	-0.08	-0.06	0.48	0	0.11	0.28	0.4	0.4	0.39	0.43
asv194	-0.14	-0.08	-0.08	0.47	0	0.12	0.28	0.39	0.39	0.38	0.41
asv201	-0.25	-0.11	-0.05	0.48	0	0.44	0.4	0.58	0.57	0.56	0.61
asv205	-0.25	-0.1	-0.08	0.2	0.01	0.69	0.36	0.51	0.48	0.48	0.52
asv206	-0.19	-0.08	0.03	0.53	-0.02	0.18	0.32	0.48	0.48	0.47	0.51
asv211	-0.26	-0.11	-0.04	0.35	0	0.56	0.38	0.56	0.53	0.53	0.58
asv218	-0.13	-0.07	-0.04	0.48	-0.01	0.06	0.26	0.37	0.37	0.36	0.4
asv220	-0.11	-0.07	-0.07	0.45	0	0.04	0.24	0.33	0.34	0.33	0.36
asv225	-0.1	-0.06	-0.05	0.44	0	0.02	0.23	0.32	0.32	0.31	0.34
asv231	-0.24	-0.1	-0.08	0.34	0	0.54	0.37	0.53	0.51	0.5	0.55
asv245	-0.11	-0.07	-0.08	0.44	0	0.05	0.24	0.33	0.33	0.32	0.36
asv249	-0.11	-0.07	-0.06	0.46	0	0.04	0.24	0.34	0.34	0.33	0.37
asv252	-0.12	-0.06	-0.01	0.47	-0.01	0.03	0.24	0.35	0.35	0.34	0.38
asv260	-0.25	-0.1	-0.08	0.15	0.01	0.72	0.34	0.49	0.46	0.46	0.5
asv261	-0.11	-0.07	-0.05	0.46	0	0.03	0.24	0.34	0.34	0.33	0.36
asv262	-0.25	-0.1	-0.04	0.32	0	0.57	0.37	0.54	0.51	0.51	0.55
asv263	-0.19	-0.09	-0.06	0.49	0	0.24	0.34	0.48	0.47	0.46	0.51
asv271	-0.12	-0.07	-0.02	0.47	-0.01	0.04	0.24	0.35	0.35	0.34	0.38
asv272	-0.13	-0.08	-0.08	0.46	0	0.11	0.27	0.38	0.38	0.37	0.41
asv281	-0.11	-0.06	-0.04	0.46	-0.01	0.02	0.24	0.33	0.34	0.33	0.36
asv283	-0.2	-0.09	-0.09	0.18	0.01	0.56	0.3	0.42	0.4	0.4	0.43
asv288	-0.25	-0.11	-0.07	0.5	0	0.43	0.41	0.59	0.57	0.56	0.61
asv292	-0.24	-0.1	-0.04	0.31	0	0.54	0.36	0.52	0.5	0.49	0.54
asv295	-0.13	-0.08	-0.1	0.45	0	0.14	0.28	0.38	0.38	0.37	0.41
asv302	-0.25	-0.1	-0.1	0.17	0.01	0.71	0.35	0.5	0.46	0.46	0.5
asv304	-0.15	-0.08	-0.06	0.48	0	0.15	0.29	0.42	0.41	0.4	0.44
asv305	-0.12	-0.07	-0.09	0.44	0	0.1	0.26	0.35	0.35	0.34	0.38
asv309	-0.27	-0.12	-0.04	0.48	-0.01	0.5	0.42	0.61	0.59	0.58	0.64
asv311	-0.18	-0.09	-0.09	0.48	0	0.24	0.33	0.46	0.45	0.44	0.49
asv316	-0.26	-0.1	-0.05	0.19	0	0.7	0.35	0.52	0.49	0.48	0.53
asv321	-0.18	-0.09	-0.02	0.52	-0.01	0.18	0.33	0.47	0.47	0.46	0.5
asv328	-0.3	-0.11	0.04	0.35	-0.02	0.63	0.4	0.61	0.59	0.58	0.63
asv329	-0.17	-0.09	-0.1	0.39	0.01	0.3	0.31	0.43	0.42	0.42	0.45
asv331	-0.13	-0.08	-0.06	0.48	0	0.1	0.27	0.38	0.38	0.37	0.41
asv334	-0.27	-0.12	-0.08	0.39	0	0.6	0.42	0.6	0.57	0.57	0.62
asv335	-0.13	-0.07	-0.07	0.46	0	0.09	0.27	0.37	0.37	0.36	0.4
asv340	-0.25	-0.1	-0.07	0.2	0	0.68	0.35	0.5	0.47	0.47	0.51
asv343	-0.11	-0.06	-0.01	0.45	-0.01	0.01	0.23	0.33	0.33	0.32	0.35
asv345	-0.11	-0.07	-0.07	0.44	0	0.04	0.24	0.33	0.33	0.32	0.35
asv353	-0.11	-0.07	-0.07	0.46	0	0.05	0.25	0.34	0.34	0.34	0.37
asv354	-0.11	-0.06	-0.04	0.45	0	0.02	0.23	0.33	0.33	0.32	0.35
asv359	-0.11	-0.07	-0.06	0.46	0	0.04	0.25	0.34	0.35	0.34	0.37
asv367	-0.2	-0.08	-0.06	0.1	0.01	0.58	0.26	0.38	0.35	0.36	0.39
asv373	-0.12	-0.06	0	0.46	-0.01	0.02	0.24	0.34	0.35	0.34	0.37
asv374	-0.28	-0.1	-0.03	0.21	0	0.72	0.37	0.55	0.52	0.51	0.56
asv385	-0.11	-0.06	-0.04	0.45	0	0.02	0.23	0.33	0.33	0.32	0.35
asv387	-0.17	-0.09	-0.05	0.48	0	0.19	0.31	0.44	0.44	0.43	0.47
asv390	-0.25	-0.09	-0.04	0.15	0	0.69	0.33	0.48	0.45	0.45	0.49
asv423	-0.11	-0.06	-0.06	0.45	0	0.03	0.23	0.33	0.33	0.32	0.35
asv426	-0.24	-0.09	-0.03	0.14	0	0.64	0.31	0.46	0.43	0.43	0.46
asv431	-0.1	-0.06	-0.07	0.43	0	0.02	0.22	0.31	0.31	0.3	0.33
asv440	-0.12	-0.06	-0.03	0.47	-0.01	0.03	0.24	0.35	0.35	0.34	0.37
asv442	-0.22	-0.09	-0.1	0.17	0.01	0.63	0.32	0.45	0.43	0.43	0.46
asv466	-0.26	-0.11	-0.07	0.28	0	0.63	0.38	0.54	0.52	0.51	0.56
asv468	-0.2	-0.1	-0.08	0.46	0	0.32	0.35	0.5	0.48	0.48	0.52
asv472	-0.23	-0.1	-0.02	0.51	-0.01	0.33	0.37	0.54	0.53	0.52	0.57
asv483	-0.22	-0.1	-0.03	0.52	-0.01	0.32	0.38	0.55	0.54	0.53	0.58
asv494	-0.11	-0.07	-0.04	0.46	0	0.03	0.24	0.34	0.34	0.33	0.37
asv502	-0.24	-0.09	-0.04	0.14	0	0.67	0.32	0.46	0.43	0.43	0.47
asv507	-0.26	-0.1	-0.06	0.19	0	0.72	0.36	0.52	0.49	0.49	0.53
asv514	-0.25	-0.12	-0.1	0.47	0	0.49	0.42	0.59	0.57	0.56	0.62
asv517	-0.17	-0.09	-0.04	0.5	-0.01	0.18	0.32	0.45	0.45	0.44	0.48
asv532	-0.29	-0.12	-0.08	0.41	0	0.65	0.44	0.64	0.61	0.6	0.66
asv542	-0.2	-0.08	-0.11	0.07	0.01	0.65	0.28	0.39	0.36	0.36	0.39
asv544	-0.2	-0.09	-0.05	0.44	0	0.32	0.34	0.49	0.48	0.47	0.51
asv547	-0.11	-0.07	-0.06	0.46	0	0.04	0.25	0.34	0.34	0.34	0.37
asv549	-0.22	-0.09	-0.1	0.1	0.01	0.67	0.3	0.42	0.39	0.4	0.43
asv559	-0.26	-0.1	-0.04	0.23	0	0.66	0.36	0.52	0.5	0.49	0.54
asv568	-0.15	-0.08	-0.08	0.45	0	0.17	0.29	0.4	0.4	0.39	0.43
asv583	-0.14	-0.08	-0.06	0.47	0	0.11	0.28	0.39	0.39	0.38	0.41
asv588	-0.16	-0.08	-0.02	0.5	-0.01	0.15	0.3	0.44	0.43	0.42	0.47
asv589	-0.25	-0.11	-0.12	0.21	0.01	0.71	0.37	0.52	0.49	0.49	0.53
asv592	-0.11	-0.07	-0.08	0.42	0	0.06	0.23	0.32	0.32	0.31	0.34
asv603	-0.12	-0.07	-0.09	0.45	0	0.1	0.26	0.36	0.36	0.35	0.39
asv605	-0.25	-0.1	-0.06	0.21	0	0.66	0.35	0.51	0.48	0.48	0.52
asv606	-0.11	-0.07	-0.04	0.46	0	0.04	0.24	0.34	0.34	0.33	0.37
asv609	-0.23	-0.09	-0.09	0.13	0.01	0.68	0.32	0.46	0.43	0.43	0.47
asv615	-0.21	-0.09	-0.11	0.1	0.01	0.66	0.3	0.42	0.39	0.39	0.42
asv624	-0.25	-0.09	-0.03	0.15	0	0.68	0.33	0.48	0.45	0.45	0.49
asv629	-0.25	-0.11	-0.06	0.45	0	0.47	0.4	0.58	0.56	0.55	0.6
asv631	-0.14	-0.08	-0.1	0.44	0.01	0.15	0.28	0.38	0.38	0.37	0.4
asv642	-0.11	-0.06	-0.04	0.45	0	0.03	0.24	0.33	0.34	0.33	0.36
asv645	-0.1	-0.06	-0.05	0.45	0	0.01	0.23	0.32	0.33	0.32	0.35
asv662	-0.11	-0.07	-0.08	0.44	0	0.04	0.24	0.33	0.33	0.32	0.35
asv667	-0.13	-0.08	-0.09	0.44	0	0.14	0.27	0.38	0.38	0.37	0.4
asv669	-0.21	-0.09	-0.11	0.09	0.01	0.64	0.29	0.4	0.37	0.38	0.41
asv670	-0.1	-0.06	-0.04	0.45	-0.01	0	0.23	0.32	0.32	0.31	0.35
asv674	-0.26	-0.11	-0.1	0.33	0.01	0.63	0.4	0.57	0.54	0.54	0.59
asv680	-0.11	-0.07	-0.08	0.44	0	0.07	0.24	0.34	0.34	0.33	0.36
asv699	-0.26	-0.1	-0.03	0.31	0	0.58	0.37	0.54	0.52	0.51	0.56
asv700	-0.11	-0.06	-0.02	0.46	-0.01	0.01	0.23	0.34	0.34	0.33	0.36
asv707	-0.18	-0.09	-0.11	0.43	0.01	0.31	0.33	0.47	0.46	0.45	0.49
asv708	-0.23	-0.09	-0.07	0.11	0.01	0.67	0.3	0.44	0.41	0.41	0.44
asv710	-0.11	-0.06	-0.01	0.47	-0.01	0	0.23	0.33	0.34	0.33	0.36
asv717	-0.12	-0.07	-0.09	0.45	0	0.08	0.26	0.35	0.35	0.35	0.38
asv723	-0.25	-0.09	-0.01	0.17	0	0.65	0.33	0.48	0.46	0.45	0.49
asv727	-0.24	-0.1	-0.11	0.2	0.01	0.67	0.35	0.49	0.46	0.46	0.5
asv731	-0.12	-0.07	-0.08	0.44	0	0.1	0.26	0.36	0.35	0.35	0.38
asv738	-0.2	-0.09	-0.11	0.25	0.01	0.49	0.31	0.44	0.41	0.41	0.45
asv742	-0.24	-0.09	-0.02	0.16	0	0.65	0.32	0.47	0.44	0.44	0.48
asv744	-0.21	-0.08	-0.04	0.11	0	0.61	0.28	0.41	0.38	0.38	0.42
asv756	-0.26	-0.1	-0.07	0.17	0.01	0.73	0.35	0.51	0.48	0.48	0.52
asv762	-0.12	-0.06	-0.02	0.48	-0.01	0.02	0.24	0.35	0.35	0.34	0.38
asv771	-0.16	-0.08	-0.04	0.48	-0.01	0.17	0.3	0.43	0.43	0.42	0.46
asv785	-0.12	-0.07	-0.05	0.47	0	0.05	0.25	0.36	0.36	0.35	0.39
asv788	-0.11	-0.07	-0.06	0.45	0	0.03	0.24	0.33	0.33	0.32	0.36
asv790	-0.16	-0.07	0.01	0.47	-0.01	0.14	0.28	0.41	0.41	0.4	0.44
asv794	-0.23	-0.08	-0.02	0.14	0	0.64	0.3	0.45	0.42	0.42	0.46
asv797	-0.22	-0.09	-0.08	0.23	0.01	0.58	0.33	0.47	0.45	0.44	0.48
asv802	-0.23	-0.08	-0.03	0.13	0	0.64	0.3	0.44	0.42	0.42	0.45
asv817	-0.13	-0.07	-0.03	0.49	-0.01	0.06	0.26	0.38	0.38	0.37	0.41
asv829	-0.25	-0.11	-0.11	0.24	0.01	0.66	0.36	0.52	0.49	0.48	0.53
asv844	-0.11	-0.06	-0.02	0.46	-0.01	0.01	0.23	0.33	0.34	0.33	0.36
asv866	-0.25	-0.1	-0.07	0.18	0.01	0.68	0.34	0.5	0.47	0.46	0.51
asv868	-0.23	-0.09	-0.07	0.12	0.01	0.66	0.31	0.44	0.41	0.41	0.45
asv875	-0.15	-0.06	-0.11	0.01	0.02	0.52	0.2	0.28	0.25	0.25	0.28
asv882	-0.12	-0.06	-0.04	0.43	0	0.07	0.24	0.34	0.34	0.33	0.36
asv883	-0.19	-0.09	-0.05	0.5	0	0.25	0.34	0.49	0.48	0.47	0.52
asv888	-0.12	-0.06	-0.03	0.45	-0.01	0.03	0.24	0.34	0.34	0.33	0.37
asv899	-0.11	-0.06	-0.05	0.45	0	0.02	0.23	0.33	0.33	0.32	0.35
asv901	-0.24	-0.09	-0.06	0.19	0	0.63	0.33	0.48	0.45	0.45	0.49
asv905	-0.11	-0.07	-0.07	0.45	0	0.04	0.24	0.33	0.33	0.32	0.35
asv914	-0.2	-0.1	-0.1	0.45	0	0.36	0.36	0.5	0.49	0.48	0.53
asv915	-0.1	-0.06	-0.08	0.42	0	0.04	0.23	0.31	0.31	0.3	0.33
asv916	-0.24	-0.09	-0.05	0.14	0	0.69	0.32	0.47	0.44	0.44	0.48
asv949	-0.28	-0.1	0.02	0.28	-0.01	0.65	0.38	0.57	0.54	0.54	0.58
asv956	-0.25	-0.09	-0.02	0.17	0	0.67	0.33	0.49	0.46	0.46	0.5
asv964	-0.2	-0.1	-0.03	0.51	-0.01	0.26	0.35	0.51	0.5	0.49	0.54
asv975	-0.1	-0.06	-0.04	0.45	0	0.01	0.23	0.32	0.33	0.32	0.35
asv976	-0.14	-0.07	-0.04	0.47	0	0.09	0.27	0.38	0.38	0.37	0.41
asv979	-0.2	-0.1	-0.18	0.18	0.02	0.6	0.32	0.44	0.41	0.41	0.44
asv985	-0.11	-0.06	-0.06	0.44	0	0.04	0.23	0.33	0.33	0.32	0.35
asv986	-0.1	-0.06	-0.07	0.43	0	0.04	0.23	0.32	0.32	0.31	0.34
asv1013	-0.24	-0.09	-0.08	0.13	0.01	0.69	0.32	0.46	0.43	0.43	0.46
asv1028	-0.18	-0.08	-0.18	0.08	0.03	0.61	0.28	0.37	0.34	0.34	0.37
asv1042	-0.24	-0.1	-0.09	0.16	0.01	0.67	0.33	0.48	0.45	0.45	0.48
asv1046	-0.24	-0.09	-0.03	0.15	0	0.66	0.32	0.47	0.44	0.44	0.47
asv1049	-0.1	-0.06	-0.06	0.44	0	0.02	0.23	0.32	0.32	0.31	0.34
asv1050	-0.11	-0.06	-0.04	0.46	-0.01	0.01	0.23	0.33	0.33	0.32	0.36
asv1053	-0.24	-0.1	-0.1	0.13	0.01	0.7	0.33	0.47	0.44	0.44	0.47
asv1054	-0.21	-0.09	-0.12	0.1	0.02	0.67	0.3	0.42	0.39	0.39	0.42
asv1056	-0.12	-0.07	-0.03	0.45	-0.01	0.05	0.24	0.35	0.35	0.34	0.37
asv1061	-0.17	-0.07	-0.1	0.09	0.01	0.54	0.25	0.35	0.32	0.32	0.35
asv1067	-0.14	-0.08	-0.08	0.46	0	0.13	0.28	0.39	0.38	0.37	0.41
asv1088	-0.1	-0.06	-0.09	0.42	0	0.04	0.23	0.31	0.31	0.31	0.34
asv1106	-0.13	-0.08	-0.08	0.46	0	0.11	0.27	0.38	0.38	0.37	0.41
asv1109	-0.21	-0.09	-0.13	0.11	0.02	0.67	0.31	0.42	0.39	0.39	0.43
asv1119	-0.24	-0.09	-0.08	0.14	0.01	0.68	0.32	0.46	0.43	0.43	0.47
asv1120	-0.13	-0.07	-0.04	0.47	-0.01	0.06	0.26	0.37	0.37	0.36	0.39
asv1128	-0.1	-0.06	-0.07	0.43	0	0.04	0.23	0.32	0.32	0.31	0.34
asv1131	-0.21	-0.1	-0.07	0.42	0	0.38	0.35	0.5	0.48	0.48	0.52
asv1134	-0.11	-0.07	-0.08	0.44	0	0.04	0.24	0.33	0.33	0.32	0.35
asv1138	-0.1	-0.06	-0.06	0.43	0	0.01	0.22	0.3	0.31	0.3	0.33
asv1147	-0.12	-0.07	-0.07	0.46	0	0.08	0.26	0.36	0.36	0.35	0.38
asv1153	-0.12	-0.06	-0.03	0.47	-0.01	0.02	0.24	0.34	0.34	0.33	0.37
asv1156	-0.11	-0.06	-0.03	0.46	-0.01	0.02	0.23	0.33	0.33	0.33	0.36
asv1160	-0.11	-0.07	-0.06	0.46	0	0.04	0.24	0.34	0.34	0.33	0.37
asv1171	-0.1	-0.06	-0.06	0.44	0	0.02	0.23	0.32	0.32	0.32	0.35
asv1178	-0.28	-0.11	0	0.3	-0.01	0.66	0.39	0.58	0.55	0.55	0.6
asv1179	-0.11	-0.07	-0.09	0.44	0	0.07	0.25	0.34	0.34	0.33	0.36
asv1185	-0.1	-0.06	-0.02	0.46	-0.01	0	0.22	0.32	0.32	0.31	0.35
asv1213	-0.12	-0.07	-0.08	0.43	0	0.09	0.25	0.34	0.34	0.33	0.37
asv1214	-0.14	-0.07	-0.03	0.49	-0.01	0.08	0.27	0.39	0.39	0.38	0.42
asv1217	-0.11	-0.07	-0.1	0.42	0.01	0.1	0.25	0.34	0.34	0.33	0.36
asv1228	-0.17	-0.09	-0.08	0.47	0	0.22	0.31	0.44	0.44	0.43	0.47
asv1244	-0.11	-0.06	-0.03	0.46	-0.01	0	0.23	0.33	0.33	0.32	0.35
asv1245	-0.1	-0.06	-0.05	0.44	0	0	0.22	0.31	0.31	0.3	0.33
asv1250	-0.26	-0.11	0.01	0.51	-0.01	0.43	0.41	0.61	0.59	0.58	0.64
asv1255	-0.11	-0.07	-0.09	0.42	0	0.07	0.24	0.33	0.33	0.32	0.35
asv1261	-0.25	-0.1	-0.05	0.17	0	0.68	0.34	0.49	0.46	0.46	0.5
asv1264	-0.23	-0.09	-0.09	0.11	0.01	0.68	0.31	0.45	0.42	0.42	0.45
asv1276	-0.25	-0.09	-0.02	0.18	0	0.66	0.34	0.5	0.47	0.47	0.51
asv1288	-0.18	-0.08	-0.13	0.06	0.02	0.58	0.25	0.34	0.32	0.32	0.35
asv1307	-0.25	-0.1	-0.02	0.42	-0.01	0.48	0.38	0.56	0.54	0.53	0.58
asv1315	-0.1	-0.06	-0.03	0.45	-0.01	0	0.22	0.31	0.32	0.31	0.34
asv1320	-0.1	-0.06	-0.1	0.4	0.01	0.07	0.23	0.31	0.31	0.3	0.33
asv1322	-0.26	-0.1	-0.04	0.17	0	0.71	0.35	0.51	0.48	0.47	0.52
asv1325	-0.11	-0.07	-0.07	0.44	0	0.06	0.24	0.34	0.34	0.33	0.36
asv1327	-0.1	-0.06	-0.04	0.44	0	0.01	0.22	0.32	0.32	0.31	0.34
asv1339	-0.1	-0.06	-0.04	0.44	0	0.01	0.22	0.32	0.32	0.31	0.34
asv1341	-0.12	-0.07	-0.1	0.43	0.01	0.09	0.25	0.34	0.34	0.33	0.37
asv1374	-0.11	-0.06	-0.03	0.44	-0.01	0.02	0.23	0.32	0.32	0.31	0.35
asv1403	-0.13	-0.07	-0.07	0.46	0	0.1	0.27	0.37	0.37	0.36	0.4
asv1410	-0.1	-0.06	-0.07	0.43	0	0.01	0.22	0.31	0.31	0.3	0.33
asv1422	-0.12	-0.07	-0.01	0.47	-0.01	0.03	0.25	0.36	0.36	0.35	0.38
asv1423	-0.25	-0.1	-0.05	0.21	0	0.66	0.35	0.51	0.48	0.48	0.52
asv1431	-0.1	-0.07	-0.08	0.43	0	0.05	0.23	0.32	0.32	0.31	0.35
asv1433	-0.12	-0.07	-0.09	0.44	0	0.08	0.25	0.34	0.34	0.34	0.37
asv1435	-0.11	-0.07	-0.1	0.43	0.01	0.09	0.25	0.34	0.34	0.33	0.37
asv1443	-0.14	-0.07	-0.15	0.08	0.02	0.47	0.22	0.3	0.27	0.28	0.3
asv1451	-0.15	-0.08	-0.13	0.35	0.01	0.29	0.29	0.39	0.38	0.37	0.41
asv1454	-0.1	-0.06	-0.05	0.44	0	0.02	0.23	0.32	0.32	0.31	0.34
asv1459	-0.11	-0.07	-0.09	0.44	0	0.07	0.25	0.34	0.34	0.33	0.37
asv1461	-0.26	-0.1	-0.05	0.22	0	0.67	0.36	0.52	0.49	0.49	0.53
asv1462	-0.11	-0.07	-0.06	0.45	0	0.04	0.24	0.33	0.34	0.33	0.36
asv1469	-0.1	-0.06	-0.06	0.43	0	0.01	0.22	0.31	0.31	0.3	0.33
asv1503	-0.11	-0.06	-0.06	0.4	0	0.07	0.23	0.32	0.32	0.31	0.34
asv1510	-0.11	-0.06	-0.06	0.44	0	0.03	0.23	0.32	0.33	0.32	0.35
asv1513	-0.23	-0.09	-0.07	0.12	0.01	0.66	0.3	0.44	0.41	0.41	0.44
asv1515	-0.23	-0.08	-0.02	0.15	0	0.62	0.3	0.45	0.42	0.42	0.46
asv1522	-0.11	-0.07	-0.06	0.45	0	0.04	0.24	0.33	0.34	0.33	0.36
asv1524	-0.11	-0.06	-0.06	0.45	0	0.03	0.23	0.33	0.33	0.32	0.35
asv1527	-0.13	-0.07	-0.07	0.43	0	0.12	0.26	0.36	0.36	0.35	0.38
asv1544	-0.12	-0.07	-0.04	0.46	0	0.04	0.25	0.35	0.35	0.34	0.38
asv1548	-0.1	-0.06	-0.06	0.43	0	0.01	0.22	0.31	0.31	0.3	0.33
asv1564	-0.13	-0.07	-0.01	0.49	-0.01	0.05	0.26	0.38	0.38	0.37	0.41
asv1570	-0.24	-0.09	-0.05	0.17	0	0.66	0.33	0.48	0.45	0.45	0.49
asv1572	-0.11	-0.06	-0.05	0.46	0	0.02	0.23	0.33	0.33	0.32	0.36
asv1577	-0.1	-0.07	-0.09	0.43	0	0.05	0.24	0.32	0.32	0.32	0.35
asv1607	-0.13	-0.07	0	0.49	-0.01	0.05	0.26	0.38	0.38	0.37	0.4
asv1611	-0.25	-0.1	-0.05	0.2	0	0.67	0.35	0.5	0.47	0.47	0.51
asv1618	-0.13	-0.07	-0.04	0.47	0	0.07	0.26	0.37	0.37	0.36	0.4
asv1620	-0.11	-0.07	-0.1	0.41	0.01	0.1	0.25	0.33	0.33	0.32	0.36
asv1621	-0.11	-0.06	-0.04	0.45	0	0.01	0.23	0.32	0.33	0.32	0.35
asv1626	-0.1	-0.06	-0.06	0.45	0	0.02	0.23	0.32	0.32	0.31	0.35
asv1633	-0.11	-0.06	-0.04	0.45	0	0.03	0.23	0.33	0.33	0.32	0.36
asv1638	-0.1	-0.06	-0.08	0.43	0	0.03	0.23	0.31	0.31	0.31	0.34
asv1641	-0.13	-0.07	-0.02	0.47	-0.01	0.05	0.25	0.36	0.36	0.35	0.39
asv1675	-0.1	-0.07	-0.1	0.43	0.01	0.05	0.24	0.32	0.32	0.31	0.34
asv1680	-0.26	-0.1	-0.06	0.2	0	0.68	0.35	0.51	0.48	0.48	0.52
asv1685	-0.11	-0.07	-0.1	0.42	0.01	0.08	0.24	0.33	0.33	0.32	0.35
asv1702	-0.25	-0.09	-0.02	0.17	0	0.66	0.33	0.49	0.46	0.46	0.5
asv1709	-0.25	-0.1	-0.07	0.17	0.01	0.69	0.34	0.49	0.46	0.46	0.5
asv1728	-0.23	-0.1	-0.05	0.42	0	0.42	0.36	0.53	0.51	0.5	0.55
asv1734	-0.12	-0.07	-0.03	0.47	-0.01	0.04	0.25	0.35	0.35	0.34	0.38
asv1741	-0.12	-0.06	-0.02	0.46	-0.01	0.03	0.24	0.34	0.35	0.34	0.37
asv1742	-0.1	-0.06	-0.1	0.4	0.01	0.06	0.22	0.3	0.3	0.3	0.33
asv1755	-0.13	-0.08	-0.08	0.45	0	0.13	0.27	0.38	0.38	0.37	0.4
asv1760	-0.11	-0.06	-0.04	0.44	0	0.01	0.23	0.32	0.32	0.31	0.35
asv1776	-0.12	-0.07	-0.11	0.43	0.01	0.12	0.26	0.35	0.35	0.34	0.38
asv1777	-0.1	-0.06	-0.1	0.41	0.01	0.06	0.23	0.31	0.31	0.3	0.33
asv1778	-0.12	-0.06	-0.03	0.46	-0.01	0.03	0.24	0.34	0.34	0.33	0.37
asv1794	-0.1	-0.06	-0.06	0.44	0	0.02	0.23	0.32	0.32	0.31	0.34
asv1801	-0.24	-0.1	-0.07	0.22	0	0.63	0.34	0.49	0.47	0.46	0.5
asv1808	-0.12	-0.07	-0.07	0.46	0	0.07	0.26	0.36	0.36	0.35	0.38
asv1825	-0.17	-0.08	-0.03	0.48	-0.01	0.17	0.3	0.43	0.43	0.42	0.46
asv1828	-0.18	-0.08	-0.14	0.05	0.02	0.6	0.25	0.34	0.31	0.32	0.34
asv1853	-0.11	-0.07	-0.08	0.44	0	0.06	0.24	0.34	0.34	0.33	0.36
asv1854	-0.13	-0.06	0	0.47	-0.01	0.03	0.24	0.35	0.36	0.35	0.38
asv1863	-0.1	-0.06	-0.08	0.42	0	0.03	0.22	0.3	0.31	0.3	0.33
asv1892	-0.1	-0.06	-0.06	0.43	0	0.01	0.22	0.3	0.31	0.3	0.33
asv1897	-0.24	-0.09	-0.06	0.15	0.01	0.69	0.33	0.48	0.45	0.45	0.49
asv1899	-0.1	-0.06	-0.08	0.41	0	0.04	0.22	0.3	0.3	0.29	0.32
asv1906	-0.11	-0.06	-0.05	0.46	0	0.03	0.24	0.34	0.34	0.33	0.36
asv1908	-0.11	-0.06	-0.04	0.45	0	0.02	0.23	0.33	0.33	0.32	0.36
asv1917	-0.16	-0.07	-0.14	0.02	0.02	0.56	0.22	0.3	0.27	0.28	0.3
asv1957	-0.1	-0.06	-0.06	0.45	0	0.03	0.23	0.32	0.33	0.32	0.35
asv1980	-0.1	-0.06	-0.05	0.44	0	0.02	0.23	0.32	0.32	0.31	0.35
asv1989	-0.24	-0.09	-0.07	0.14	0.01	0.68	0.32	0.47	0.44	0.44	0.47
asv1995	-0.11	-0.07	-0.08	0.42	0	0.06	0.24	0.33	0.33	0.32	0.35
asv2013	-0.11	-0.06	-0.06	0.45	0	0.03	0.24	0.33	0.33	0.32	0.36
asv2021	-0.11	-0.06	-0.05	0.43	0	0.04	0.23	0.32	0.32	0.31	0.34
asv2026	-0.13	-0.07	-0.04	0.47	0	0.07	0.26	0.37	0.37	0.36	0.39
asv2028	-0.12	-0.07	-0.07	0.45	0	0.07	0.25	0.35	0.35	0.34	0.38
asv2037	-0.22	-0.1	-0.05	0.39	0	0.43	0.35	0.51	0.49	0.48	0.53
asv2038	-0.1	-0.06	-0.07	0.43	0	0.03	0.23	0.31	0.32	0.31	0.34
asv2045	-0.12	-0.07	-0.07	0.46	0	0.08	0.26	0.36	0.36	0.35	0.39
asv2046	-0.1	-0.07	-0.08	0.43	0	0.05	0.23	0.32	0.32	0.31	0.35
asv2059	-0.1	-0.07	-0.1	0.41	0.01	0.08	0.23	0.32	0.32	0.31	0.34
asv2105	-0.21	-0.09	-0.1	0.2	0.01	0.55	0.31	0.43	0.41	0.41	0.44
asv2113	-0.16	-0.09	-0.08	0.45	0	0.22	0.31	0.43	0.43	0.42	0.46
asv2121	-0.27	-0.1	0	0.21	-0.01	0.67	0.35	0.52	0.49	0.49	0.53
asv2124	-0.19	-0.1	-0.15	0.31	0.02	0.45	0.33	0.45	0.43	0.42	0.46
asv2127	-0.11	-0.06	-0.02	0.45	-0.01	0.01	0.23	0.33	0.33	0.32	0.35
asv2157	-0.22	-0.09	-0.1	0.19	0.01	0.59	0.32	0.45	0.42	0.42	0.46
asv2183	-0.09	-0.06	-0.1	0.41	0.01	0.04	0.22	0.3	0.3	0.29	0.32
asv2184	-0.1	-0.06	-0.1	0.39	0.01	0.07	0.22	0.3	0.3	0.29	0.32
asv2187	-0.24	-0.11	-0.07	0.42	0	0.47	0.38	0.55	0.53	0.52	0.57
asv2203	-0.24	-0.1	-0.08	0.18	0.01	0.66	0.34	0.48	0.45	0.45	0.49
asv2213	-0.15	-0.07	-0.03	0.46	-0.01	0.13	0.27	0.39	0.39	0.38	0.42
asv2214	-0.1	-0.06	-0.03	0.44	-0.01	0	0.22	0.31	0.31	0.3	0.33
asv2223	-0.11	-0.07	-0.09	0.43	0	0.07	0.24	0.33	0.33	0.33	0.36
asv2243	-0.17	-0.08	-0.1	0.21	0.01	0.44	0.27	0.38	0.36	0.36	0.39
asv2248	-0.1	-0.06	-0.08	0.41	0	0.04	0.22	0.3	0.3	0.3	0.33
asv2251	-0.1	-0.07	-0.09	0.42	0	0.06	0.24	0.32	0.32	0.31	0.35
asv2252	-0.1	-0.06	-0.07	0.42	0	0.03	0.22	0.31	0.31	0.3	0.33
asv2254	-0.12	-0.07	-0.07	0.46	0	0.08	0.26	0.36	0.36	0.35	0.38
asv2288	-0.2	-0.09	-0.07	0.45	0	0.31	0.34	0.48	0.47	0.46	0.51
asv2293	-0.22	-0.09	-0.07	0.12	0.01	0.65	0.3	0.44	0.41	0.41	0.44
asv2306	-0.22	-0.1	-0.04	0.43	0	0.39	0.36	0.52	0.5	0.49	0.54
asv2308	-0.1	-0.06	-0.08	0.43	0	0.02	0.22	0.31	0.31	0.3	0.33
asv2390	-0.14	-0.08	-0.18	0.18	0.02	0.41	0.25	0.33	0.31	0.31	0.34
asv2411	-0.1	-0.06	-0.04	0.43	0	0.02	0.22	0.31	0.32	0.31	0.34
asv2429	-0.23	-0.09	-0.09	0.14	0.01	0.68	0.32	0.46	0.43	0.43	0.47
asv2437	-0.2	-0.09	-0.14	0.09	0.02	0.65	0.29	0.4	0.37	0.38	0.41
asv2451	-0.1	-0.06	-0.09	0.41	0	0.06	0.23	0.32	0.32	0.31	0.34
asv2473	-0.17	-0.08	-0.16	0.11	0.02	0.55	0.26	0.35	0.33	0.33	0.36
asv2509	-0.13	-0.07	-0.08	0.45	0	0.11	0.26	0.37	0.36	0.36	0.39
asv2522	-0.1	-0.06	-0.09	0.41	0	0.04	0.22	0.3	0.3	0.29	0.32
asv2528	-0.12	-0.07	-0.09	0.42	0	0.11	0.25	0.35	0.34	0.34	0.37
asv2560	-0.25	-0.1	-0.05	0.2	0	0.66	0.34	0.5	0.47	0.47	0.51
asv2570	-0.21	-0.09	-0.13	0.09	0.02	0.66	0.29	0.41	0.38	0.38	0.41
asv2616	-0.21	-0.09	-0.11	0.11	0.01	0.65	0.3	0.42	0.39	0.39	0.43
asv2624	-0.21	-0.08	-0.1	0.09	0.01	0.64	0.29	0.41	0.38	0.38	0.41
asv2642	-0.13	-0.07	-0.04	0.46	-0.01	0.09	0.26	0.37	0.37	0.36	0.4
asv2644	-0.1	-0.06	-0.05	0.43	0	0.02	0.22	0.31	0.31	0.3	0.33
asv2650	-0.11	-0.06	-0.07	0.41	0	0.06	0.23	0.32	0.32	0.31	0.34
asv2684	-0.1	-0.06	-0.07	0.44	0	0.03	0.23	0.32	0.32	0.31	0.34
asv2701	-0.11	-0.06	-0.04	0.43	0	0.02	0.22	0.32	0.32	0.31	0.34
asv2719	-0.1	-0.06	-0.09	0.41	0	0.05	0.23	0.31	0.31	0.3	0.33
asv2743	-0.13	-0.07	-0.06	0.44	0	0.12	0.26	0.37	0.37	0.36	0.4
asv2750	-0.1	-0.06	-0.08	0.41	0	0.03	0.22	0.3	0.3	0.3	0.33
asv2755	-0.1	-0.06	-0.09	0.41	0	0.06	0.23	0.31	0.31	0.3	0.33
asv2778	-0.1	-0.06	-0.04	0.45	0	0.01	0.23	0.32	0.32	0.31	0.35
asv2788	-0.2	-0.09	-0.13	0.09	0.02	0.64	0.29	0.4	0.37	0.37	0.4
asv2822	-0.16	-0.09	-0.15	0.39	0.01	0.31	0.31	0.42	0.41	0.41	0.44
asv2852	-0.1	-0.06	-0.06	0.44	0	0.01	0.22	0.31	0.31	0.3	0.34
asv2856	-0.23	-0.09	-0.01	0.17	0	0.61	0.31	0.46	0.43	0.43	0.46
asv2860	-0.17	-0.08	-0.16	0.09	0.02	0.57	0.26	0.36	0.33	0.33	0.36
asv2867	-0.15	-0.07	-0.14	0.01	0.02	0.55	0.21	0.29	0.26	0.27	0.29
asv2870	-0.13	-0.07	-0.03	0.44	-0.01	0.1	0.25	0.36	0.36	0.35	0.39
asv2898	-0.11	-0.06	-0.04	0.44	0	0.04	0.24	0.33	0.33	0.33	0.36
asv2918	-0.18	-0.08	-0.15	0.05	0.02	0.62	0.26	0.36	0.33	0.33	0.36
asv2922	-0.11	-0.07	-0.08	0.44	0	0.05	0.24	0.33	0.33	0.33	0.36
asv2923	-0.13	-0.07	-0.04	0.44	0	0.1	0.25	0.36	0.36	0.35	0.39
asv2927	-0.17	-0.08	-0.15	0.04	0.02	0.59	0.25	0.33	0.3	0.31	0.33
asv2935	-0.1	-0.06	-0.1	0.4	0.01	0.07	0.23	0.31	0.3	0.3	0.33
asv3046	-0.12	-0.07	-0.05	0.45	0	0.06	0.25	0.35	0.35	0.34	0.38
asv3058	-0.1	-0.06	-0.07	0.42	0	0.02	0.22	0.3	0.3	0.3	0.33
asv3067	-0.12	-0.06	-0.01	0.47	-0.01	0.03	0.24	0.36	0.36	0.35	0.38
asv3073	-0.11	-0.07	-0.1	0.42	0.01	0.08	0.24	0.33	0.32	0.32	0.35
asv3092	-0.1	-0.06	-0.07	0.43	0	0.03	0.23	0.31	0.31	0.31	0.34
asv3112	-0.13	-0.06	-0.14	0	0.02	0.49	0.19	0.25	0.22	0.23	0.25
asv3117	-0.18	-0.1	-0.17	0.33	0.02	0.41	0.32	0.43	0.42	0.41	0.45
asv3126	-0.18	-0.07	-0.04	0.08	0	0.52	0.24	0.34	0.32	0.32	0.35
asv3128	-0.11	-0.07	-0.08	0.43	0	0.07	0.24	0.33	0.33	0.32	0.35
asv3151	-0.11	-0.07	-0.08	0.43	0	0.06	0.24	0.33	0.33	0.32	0.36
asv3162	-0.09	-0.06	-0.1	0.38	0.01	0.05	0.21	0.29	0.29	0.28	0.31
asv3187	-0.09	-0.06	-0.08	0.41	0	0.03	0.21	0.29	0.29	0.29	0.31
asv3195	-0.12	-0.06	-0.21	-0.02	0.03	0.53	0.2	0.25	0.22	0.22	0.24
asv3226	-0.15	-0.07	-0.18	0.01	0.03	0.57	0.23	0.3	0.27	0.27	0.29
asv3234	-0.09	-0.06	-0.1	0.38	0.01	0.05	0.21	0.28	0.28	0.27	0.3
asv3245	-0.12	-0.06	-0.03	0.45	-0.01	0.04	0.24	0.34	0.34	0.33	0.37
asv3248	-0.09	-0.05	-0.18	-0.05	0.03	0.41	0.14	0.17	0.15	0.15	0.16
asv3291	-0.11	-0.06	-0.04	0.45	0	0.02	0.23	0.33	0.33	0.32	0.35
asv3311	-0.21	-0.1	-0.09	0.34	0.01	0.46	0.34	0.48	0.46	0.46	0.5
asv3383	-0.1	-0.06	-0.06	0.43	0	0.02	0.22	0.31	0.31	0.3	0.33
asv3432	-0.09	-0.06	-0.07	0.42	0	0.02	0.22	0.3	0.3	0.29	0.32
asv3441	-0.18	-0.08	-0.17	0.08	0.02	0.6	0.27	0.36	0.33	0.33	0.36
asv3457	-0.16	-0.07	-0.14	0.03	0.02	0.57	0.23	0.31	0.28	0.29	0.31
asv3512	-0.12	-0.06	-0.01	0.47	-0.01	0.02	0.24	0.35	0.35	0.34	0.37
asv3519	-0.23	-0.09	-0.07	0.15	0.01	0.66	0.32	0.46	0.43	0.43	0.47
asv3529	-0.18	-0.08	-0.13	0.11	0.02	0.57	0.27	0.37	0.34	0.34	0.37
asv3539	-0.15	-0.07	-0.17	0.05	0.02	0.52	0.23	0.3	0.27	0.27	0.3
asv3558	-0.17	-0.07	-0.08	0.07	0.01	0.54	0.24	0.34	0.31	0.31	0.34
asv3567	-0.2	-0.09	-0.1	0.17	0.01	0.58	0.3	0.42	0.4	0.39	0.43
asv3575	-0.11	-0.06	-0.04	0.45	0	0.03	0.24	0.33	0.34	0.33	0.36
asv3583	-0.11	-0.07	-0.07	0.42	0	0.06	0.23	0.32	0.32	0.32	0.35
asv3609	-0.13	-0.07	-0.21	-0.01	0.03	0.55	0.21	0.26	0.24	0.24	0.26
asv3633	-0.11	-0.06	-0.04	0.43	0	0.05	0.23	0.33	0.33	0.32	0.35
asv3638	-0.16	-0.08	-0.03	0.46	-0.01	0.17	0.29	0.42	0.41	0.4	0.44
asv3647	-0.09	-0.06	-0.1	0.4	0.01	0.04	0.22	0.3	0.3	0.29	0.32
asv3653	-0.09	-0.06	-0.11	0.4	0.01	0.06	0.22	0.3	0.3	0.29	0.32
asv3665	-0.11	-0.06	-0.06	0.41	0	0.07	0.23	0.32	0.32	0.31	0.35
asv3684	-0.09	-0.06	-0.11	0.39	0.01	0.05	0.21	0.28	0.28	0.28	0.31
asv3693	-0.1	-0.07	-0.12	0.4	0.01	0.08	0.23	0.31	0.31	0.3	0.33
asv3742	-0.12	-0.07	-0.04	0.44	0	0.08	0.25	0.35	0.35	0.35	0.38
asv3748	-0.11	-0.06	-0.2	-0.02	0.03	0.49	0.18	0.23	0.2	0.2	0.22
asv3909	-0.1	-0.06	-0.04	0.44	0	0.02	0.22	0.32	0.32	0.31	0.34
asv3940	-0.11	-0.06	-0.02	0.45	-0.01	0.03	0.23	0.34	0.34	0.33	0.36
asv4000	-0.11	-0.06	-0.03	0.41	-0.01	0.03	0.21	0.31	0.31	0.3	0.33
asv4107	-0.13	-0.07	-0.06	0.45	0	0.1	0.26	0.37	0.37	0.36	0.39
asv4120	-0.12	-0.07	-0.07	0.43	0	0.08	0.25	0.34	0.34	0.33	0.37
asv4174	-0.14	-0.07	-0.17	0.11	0.02	0.46	0.23	0.31	0.28	0.28	0.31
asv4208	-0.14	-0.07	-0.06	0.45	0	0.12	0.27	0.38	0.38	0.37	0.41
asv4257	-0.21	-0.08	-0.02	0.19	0	0.53	0.29	0.43	0.41	0.4	0.44
asv4317	-0.18	-0.08	-0.15	0.05	0.02	0.61	0.25	0.35	0.32	0.32	0.35
asv4430	-0.1	-0.06	-0.06	0.43	0	0.03	0.23	0.32	0.32	0.31	0.34
asv4627	-0.21	-0.08	-0.08	0.14	0.01	0.6	0.29	0.42	0.39	0.39	0.43
asv4715	-0.15	-0.07	-0.18	0.03	0.03	0.55	0.23	0.3	0.27	0.27	0.3
asv4762	-0.1	-0.06	-0.07	0.4	0	0.04	0.22	0.3	0.3	0.29	0.32
asv4769	-0.09	-0.06	-0.06	0.41	0	0.01	0.21	0.29	0.29	0.28	0.31
asv4827	-0.22	-0.09	-0.04	0.26	0	0.51	0.32	0.46	0.44	0.43	0.47
asv4834	-0.09	-0.06	-0.06	0.39	0	0.03	0.21	0.29	0.29	0.28	0.31
asv4998	-0.17	-0.08	-0.13	0.14	0.02	0.51	0.27	0.36	0.34	0.34	0.37
asv5232	-0.09	-0.06	-0.06	0.39	0	0.01	0.2	0.28	0.28	0.27	0.3
asv5295	-0.07	-0.06	-0.13	0.35	0.01	0.03	0.19	0.25	0.25	0.24	0.27
asv5370	-0.17	-0.08	-0.13	0.11	0.02	0.52	0.25	0.35	0.32	0.32	0.35
asv5660	-0.13	-0.07	-0.06	0.43	0	0.11	0.25	0.36	0.36	0.35	0.38
asv5987	-0.12	-0.07	-0.06	0.44	0	0.07	0.25	0.34	0.34	0.34	0.37
