asv	TDN_c_mean	NH4_c_mean	lat	NO2_c_mean	NO3.NO2_c_mean	lon	PO4_c_mean	TDP_c_mean	Si.OH.4_c_mean
asv1	0.43	0.16	0.2	0.01	-0.16	0.07	0.31	0.4	0.27
asv2	0.41	0.19	0.16	-0.02	-0.15	0.07	0.23	0.31	0.17
asv3	0.54	0.32	0.24	0.17	-0.06	-0.12	0.16	0.19	0.01
asv6	0.37	0.13	0.18	0.05	-0.11	0.02	0.26	0.32	0.22
asv8	0.39	0.19	0.17	0.05	-0.1	0	0.2	0.26	0.13
asv10	0.6	0.25	0.34	0.27	-0.06	-0.16	0.35	0.4	0.23
asv15	0.42	0.24	0.19	0.13	-0.06	-0.08	0.14	0.17	0.03
asv16	0.28	0.06	0.09	-0.16	-0.2	0.21	0.29	0.39	0.31
asv18	0.33	0.16	0.11	-0.06	-0.14	0.1	0.18	0.25	0.13
asv21	0.42	0.18	0.19	0.03	-0.13	0.03	0.25	0.33	0.19
asv22	0.54	0.27	0.26	0.16	-0.09	-0.08	0.25	0.3	0.13
asv25	0.6	0.38	0.24	0.14	-0.1	-0.09	0.15	0.19	-0.01
asv34	0.46	0.29	0.21	0.17	-0.04	-0.12	0.12	0.14	-0.02
asv38	0.41	0.21	0.14	-0.07	-0.18	0.12	0.21	0.29	0.15
asv39	0.41	0.17	0.18	0.02	-0.14	0.05	0.26	0.33	0.21
asv40	0.32	0.18	0.17	0.17	0	-0.13	0.1	0.11	0.01
asv41	0.49	0.2	0.21	0.03	-0.16	0.05	0.3	0.39	0.24
asv44	0.39	0.12	0.24	0.16	-0.06	-0.07	0.3	0.36	0.25
asv46	0.21	-0.01	0.11	-0.08	-0.15	0.15	0.3	0.39	0.34
asv48	0.51	0.25	0.26	0.19	-0.06	-0.11	0.25	0.29	0.13
asv50	0.49	0.18	0.24	0.08	-0.13	0.01	0.33	0.41	0.27
asv51	0.15	-0.11	0.11	-0.1	-0.16	0.18	0.38	0.49	0.48
asv52	0.12	-0.09	0.15	0.1	-0.03	-0.02	0.29	0.34	0.34
asv53	0.44	0.2	0.2	0.08	-0.11	-0.01	0.24	0.31	0.17
asv54	0.55	0.38	0.24	0.23	-0.03	-0.18	0.1	0.1	-0.09
asv57	0.48	0.21	0.24	0.13	-0.09	-0.05	0.27	0.32	0.18
asv59	0.52	0.24	0.24	0.09	-0.13	-0.01	0.28	0.36	0.19
asv60	0.06	-0.13	0.09	-0.01	-0.07	0.08	0.29	0.36	0.37
asv61	0.57	0.28	0.26	0.12	-0.12	-0.04	0.28	0.35	0.17
asv65	0.59	0.41	0.25	0.22	-0.04	-0.17	0.1	0.11	-0.1
asv66	0.19	0	0.07	-0.15	-0.17	0.2	0.26	0.36	0.31
asv69	0.46	0.27	0.18	0.05	-0.11	-0.01	0.17	0.22	0.06
asv71	0.53	0.25	0.24	0.08	-0.14	0	0.29	0.36	0.19
asv73	0.12	-0.17	0.18	0.1	-0.05	0.01	0.41	0.48	0.49
asv75	0.3	0.03	0.14	-0.08	-0.18	0.16	0.35	0.46	0.38
asv77	0.3	-0.03	0.25	0.16	-0.06	-0.04	0.42	0.49	0.44
asv80	0.33	0.1	0.16	0.02	-0.12	0.05	0.27	0.34	0.24
asv83	0.55	0.33	0.21	0.07	-0.13	-0.02	0.18	0.24	0.05
asv90	0.11	-0.1	0.05	-0.19	-0.19	0.26	0.33	0.44	0.43
asv97	0.6	0.32	0.28	0.17	-0.1	-0.09	0.26	0.32	0.13
asv99	0.07	0.02	-0.07	-0.31	-0.21	0.31	0.09	0.18	0.15
asv106	0.59	0.38	0.28	0.29	-0.01	-0.23	0.12	0.12	-0.07
asv110	0.62	0.37	0.29	0.21	-0.08	-0.13	0.21	0.24	0.04
asv118	0.18	-0.08	0.14	-0.02	-0.12	0.11	0.37	0.46	0.43
asv119	0.44	0.3	0.23	0.3	0.05	-0.26	0.06	0.04	-0.11
asv121	0.63	0.42	0.33	0.4	0.05	-0.34	0.1	0.08	-0.13
asv122	0.58	0.29	0.28	0.15	-0.11	-0.06	0.29	0.35	0.17
asv124	0.55	0.35	0.23	0.15	-0.07	-0.1	0.14	0.17	-0.02
asv128	0.62	0.33	0.34	0.34	-0.01	-0.24	0.25	0.27	0.08
asv134	0.49	0.25	0.19	0.01	-0.16	0.05	0.24	0.32	0.16
asv137	0.52	0.25	0.26	0.16	-0.08	-0.08	0.25	0.3	0.14
asv138	0.49	0.24	0.23	0.11	-0.1	-0.03	0.25	0.31	0.15
asv142	0.58	0.37	0.24	0.15	-0.09	-0.1	0.14	0.18	-0.03
asv144	0.4	0.16	0.18	0.03	-0.13	0.04	0.26	0.33	0.21
asv150	0.61	0.33	0.28	0.17	-0.1	-0.09	0.25	0.3	0.1
asv158	0.45	0.18	0.19	0	-0.16	0.08	0.29	0.38	0.24
asv160	0.34	0.16	0.09	-0.14	-0.2	0.18	0.21	0.3	0.18
asv165	0.41	0.3	0.19	0.23	0.02	-0.2	0.03	0.01	-0.13
asv168	0.56	0.38	0.23	0.16	-0.07	-0.12	0.11	0.14	-0.06
asv169	0.35	0.1	0.15	-0.05	-0.17	0.13	0.31	0.41	0.3
asv170	0.43	0.17	0.19	0.02	-0.14	0.05	0.28	0.37	0.23
asv172	0.39	0.16	0.15	-0.06	-0.18	0.12	0.26	0.35	0.23
asv180	0.13	-0.15	0.2	0.17	-0.01	-0.06	0.4	0.45	0.46
asv183	0.56	0.28	0.25	0.1	-0.13	-0.02	0.28	0.35	0.17
asv185	0.61	0.36	0.28	0.19	-0.08	-0.12	0.2	0.24	0.03
asv190	0.65	0.4	0.32	0.32	-0.01	-0.25	0.17	0.18	-0.04
asv196	0.59	0.31	0.28	0.17	-0.09	-0.09	0.25	0.31	0.12
asv200	0.6	0.41	0.26	0.22	-0.05	-0.17	0.11	0.13	-0.08
asv202	0.53	0.28	0.24	0.13	-0.1	-0.06	0.24	0.29	0.12
asv209	0.63	0.42	0.33	0.4	0.05	-0.34	0.1	0.08	-0.13
asv216	0.62	0.31	0.32	0.23	-0.08	-0.13	0.29	0.34	0.15
asv224	0.38	0.15	0.14	-0.08	-0.18	0.14	0.27	0.36	0.24
asv231	0.45	0.14	0.23	0.08	-0.13	0.02	0.35	0.43	0.3
asv232	0.13	-0.14	0.17	0.08	-0.06	0.03	0.39	0.46	0.47
asv233	0.37	0.25	0.14	0.07	-0.06	-0.05	0.07	0.09	-0.04
asv240	0.54	0.3	0.22	0.06	-0.14	0	0.22	0.28	0.1
asv244	0.49	0.21	0.22	0.04	-0.15	0.04	0.3	0.38	0.23
asv246	0.39	0.11	0.25	0.2	-0.04	-0.1	0.31	0.35	0.25
asv251	0.55	0.26	0.25	0.09	-0.13	-0.01	0.29	0.36	0.18
asv254	0.38	0.21	0.13	-0.02	-0.13	0.06	0.16	0.22	0.08
asv255	0.25	0.04	0.1	-0.11	-0.17	0.17	0.28	0.37	0.3
asv265	0.54	0.26	0.24	0.08	-0.14	0	0.28	0.35	0.18
asv276	0.6	0.41	0.27	0.27	-0.01	-0.22	0.1	0.1	-0.1
asv289	0.22	-0.02	0.11	-0.09	-0.16	0.17	0.33	0.43	0.38
asv297	0.57	0.28	0.26	0.12	-0.12	-0.04	0.28	0.35	0.17
asv303	0.56	0.28	0.25	0.11	-0.12	-0.03	0.27	0.33	0.15
asv318	0.37	0.15	0.15	-0.02	-0.15	0.08	0.24	0.32	0.2
asv320	0.63	0.42	0.33	0.4	0.05	-0.34	0.1	0.08	-0.13
asv327	0.33	0.11	0.21	0.17	-0.03	-0.1	0.24	0.27	0.18
asv330	0.57	0.35	0.26	0.21	-0.05	-0.15	0.16	0.19	0
asv332	0.45	0.16	0.23	0.08	-0.12	0.01	0.33	0.4	0.27
asv344	0.63	0.42	0.33	0.4	0.05	-0.34	0.1	0.08	-0.13
asv346	0.46	0.29	0.15	0	-0.14	0.04	0.14	0.2	0.03
asv378	0.44	0.16	0.2	0.01	-0.16	0.07	0.31	0.39	0.26
asv390	0.12	-0.15	0.18	0.15	-0.01	-0.04	0.37	0.43	0.44
asv395	0.55	0.36	0.28	0.32	0.02	-0.26	0.11	0.09	-0.09
asv396	0.33	0.18	0.09	-0.1	-0.16	0.13	0.15	0.22	0.11
asv398	0.46	0.18	0.23	0.11	-0.1	-0.03	0.29	0.36	0.22
asv400	0.67	0.44	0.34	0.38	0.03	-0.31	0.13	0.12	-0.1
asv401	0.21	-0.08	0.15	-0.03	-0.14	0.12	0.39	0.49	0.46
asv404	0.41	0.27	0.17	0.11	-0.05	-0.08	0.09	0.11	-0.03
asv409	0.59	0.24	0.33	0.25	-0.07	-0.14	0.36	0.42	0.25
asv411	0.3	0.11	0.14	0.02	-0.1	0.03	0.21	0.27	0.18
asv412	0.45	0.17	0.27	0.22	-0.05	-0.12	0.3	0.35	0.22
asv424	0.11	-0.11	0.06	-0.16	-0.18	0.23	0.34	0.44	0.43
asv425	0.37	0.2	0.11	-0.09	-0.17	0.13	0.17	0.24	0.11
asv436	0.65	0.44	0.32	0.36	0.02	-0.29	0.11	0.1	-0.12
asv438	0.65	0.43	0.33	0.4	0.04	-0.33	0.11	0.09	-0.13
asv439	0.55	0.38	0.24	0.23	-0.03	-0.18	0.1	0.1	-0.09
asv441	0.63	0.42	0.33	0.4	0.05	-0.34	0.1	0.08	-0.13
asv453	0.54	0.27	0.23	0.08	-0.14	0	0.26	0.33	0.16
asv454	0.33	0.12	0.11	-0.12	-0.19	0.18	0.25	0.35	0.25
asv460	0.59	0.22	0.36	0.3	-0.05	-0.18	0.39	0.44	0.28
asv461	0.63	0.42	0.33	0.4	0.05	-0.34	0.1	0.08	-0.13
asv463	0.13	-0.08	0.05	-0.19	-0.19	0.25	0.32	0.43	0.4
asv469	0.65	0.44	0.31	0.33	0	-0.27	0.11	0.11	-0.11
asv473	0.57	0.27	0.27	0.14	-0.12	-0.05	0.3	0.37	0.19
asv475	0.48	0.18	0.24	0.06	-0.14	0.03	0.34	0.43	0.29
asv476	0.63	0.32	0.31	0.21	-0.09	-0.12	0.28	0.33	0.13
asv479	0.16	-0.13	0.21	0.18	-0.01	-0.07	0.4	0.45	0.45
asv482	0.07	-0.11	0.05	-0.13	-0.14	0.19	0.29	0.38	0.38
asv484	0.41	0.3	0.1	-0.05	-0.14	0.06	0.07	0.12	-0.04
asv485	0.51	0.2	0.25	0.07	-0.14	0.02	0.34	0.42	0.27
asv492	0.52	0.34	0.18	0.05	-0.12	-0.01	0.13	0.17	-0.01
asv503	0.12	-0.15	0.14	0	-0.1	0.1	0.4	0.49	0.49
asv505	0.5	0.23	0.21	0.02	-0.16	0.05	0.28	0.37	0.2
asv510	0.45	0.17	0.2	0.01	-0.16	0.07	0.3	0.39	0.25
asv516	0.5	0.22	0.23	0.07	-0.13	0.01	0.29	0.36	0.21
asv521	0.1	-0.08	0.03	-0.19	-0.18	0.24	0.28	0.38	0.36
asv527	0.63	0.42	0.33	0.4	0.05	-0.34	0.1	0.08	-0.13
asv533	0.46	0.18	0.21	0.02	-0.16	0.06	0.31	0.39	0.25
asv536	0.29	0.14	0.09	-0.06	-0.13	0.1	0.16	0.23	0.13
asv540	0.44	0.2	0.21	0.1	-0.09	-0.03	0.24	0.3	0.16
asv545	0.24	-0.02	0.13	-0.05	-0.15	0.13	0.34	0.43	0.38
asv560	0.64	0.39	0.3	0.26	-0.05	-0.19	0.19	0.21	0
asv561	0.35	0.2	0.07	-0.15	-0.19	0.18	0.15	0.23	0.11
asv562	0.31	0.07	0.11	-0.13	-0.2	0.19	0.31	0.41	0.32
asv567	0.42	0.09	0.25	0.1	-0.12	0.01	0.4	0.48	0.38
asv590	0.65	0.4	0.31	0.28	-0.04	-0.21	0.18	0.2	-0.01
asv593	0.43	0.18	0.19	0.01	-0.15	0.06	0.28	0.36	0.22
asv595	-0.01	-0.04	-0.11	-0.35	-0.2	0.34	0.08	0.17	0.16
asv610	0.41	0.16	0.17	-0.04	-0.18	0.11	0.29	0.39	0.26
asv627	0.56	0.26	0.26	0.11	-0.13	-0.03	0.29	0.36	0.19
asv630	0.41	0.17	0.16	-0.06	-0.18	0.12	0.28	0.37	0.24
asv638	0.46	0.23	0.17	-0.01	-0.16	0.07	0.22	0.3	0.15
asv639	0.52	0.26	0.22	0.04	-0.15	0.03	0.26	0.34	0.17
asv648	0.42	0.17	0.2	0.07	-0.12	0.01	0.27	0.34	0.21
asv650	0.6	0.35	0.27	0.19	-0.07	-0.13	0.2	0.23	0.04
asv656	0.64	0.44	0.31	0.32	0	-0.27	0.11	0.11	-0.11
asv657	0.12	-0.16	0.15	0.03	-0.08	0.07	0.4	0.49	0.49
asv658	0.66	0.4	0.33	0.31	-0.02	-0.24	0.19	0.2	-0.02
asv661	0.09	-0.08	0.03	-0.18	-0.17	0.23	0.27	0.37	0.35
asv676	0.67	0.41	0.35	0.37	0.01	-0.29	0.17	0.17	-0.04
asv683	0.49	0.33	0.15	-0.01	-0.14	0.04	0.11	0.17	-0.01
asv688	0.44	0.11	0.24	0.08	-0.13	0.02	0.38	0.47	0.36
asv691	0.53	0.35	0.2	0.12	-0.09	-0.07	0.11	0.15	-0.04
asv703	0.46	0.2	0.2	0.03	-0.15	0.05	0.27	0.35	0.21
asv704	0.35	0.13	0.11	-0.12	-0.2	0.18	0.26	0.36	0.25
asv705	0.04	0	-0.08	-0.34	-0.22	0.34	0.1	0.2	0.17
asv729	0.42	0.17	0.19	0.04	-0.13	0.03	0.27	0.34	0.21
asv736	0.42	0.14	0.2	0.02	-0.15	0.06	0.33	0.42	0.3
asv750	0.63	0.35	0.3	0.22	-0.08	-0.14	0.25	0.29	0.09
asv758	0.56	0.32	0.23	0.09	-0.13	-0.03	0.22	0.28	0.09
asv763	0.01	-0.04	-0.09	-0.37	-0.23	0.36	0.12	0.22	0.2
asv765	0.27	0.18	0.02	-0.21	-0.2	0.21	0.09	0.17	0.06
asv766	0.43	0.12	0.22	0.03	-0.16	0.07	0.37	0.46	0.34
asv784	0.07	-0.12	0.03	-0.21	-0.19	0.27	0.31	0.42	0.42
asv787	0.51	0.36	0.22	0.2	-0.03	-0.16	0.08	0.08	-0.1
asv803	0.11	-0.16	0.14	0.02	-0.08	0.08	0.4	0.48	0.49
asv807	0.61	0.27	0.33	0.24	-0.08	-0.14	0.34	0.4	0.22
asv813	0.48	0.3	0.18	0.08	-0.1	-0.03	0.13	0.17	0
asv820	0.66	0.41	0.34	0.38	0.02	-0.31	0.16	0.15	-0.06
asv824	0.4	0.2	0.15	-0.03	-0.15	0.08	0.21	0.29	0.15
asv843	0.35	0.16	0.13	-0.02	-0.13	0.07	0.19	0.26	0.15
asv845	0.39	0.22	0.13	-0.03	-0.14	0.07	0.15	0.21	0.08
asv852	0.63	0.42	0.33	0.4	0.05	-0.34	0.1	0.08	-0.13
asv854	0.63	0.36	0.3	0.21	-0.08	-0.13	0.24	0.28	0.07
asv857	0.44	0.16	0.2	0.01	-0.16	0.07	0.32	0.41	0.27
asv876	0.31	0.11	0.2	0.17	-0.02	-0.1	0.22	0.25	0.16
asv878	0.63	0.37	0.3	0.25	-0.05	-0.17	0.21	0.24	0.03
asv881	0.49	0.31	0.18	0.06	-0.11	-0.02	0.13	0.17	0
asv896	0.37	0.18	0.12	-0.09	-0.18	0.14	0.21	0.3	0.17
asv900	0.49	0.23	0.23	0.1	-0.11	-0.02	0.26	0.32	0.17
asv903	0.11	-0.15	0.14	0.03	-0.08	0.07	0.38	0.45	0.46
asv923	0.44	0.16	0.23	0.08	-0.12	0.01	0.32	0.4	0.27
asv927	0.27	0.02	0.14	-0.05	-0.15	0.12	0.33	0.42	0.35
asv930	0.58	0.32	0.26	0.13	-0.12	-0.05	0.24	0.3	0.11
asv947	0.39	0.15	0.19	0.06	-0.11	0.01	0.26	0.33	0.21
asv961	0.19	-0.01	0.05	-0.21	-0.21	0.26	0.28	0.39	0.34
asv963	0	0	-0.12	-0.37	-0.21	0.35	0.05	0.13	0.11
asv965	0.65	0.36	0.34	0.31	-0.03	-0.22	0.25	0.28	0.07
asv966	0.63	0.42	0.33	0.4	0.05	-0.34	0.1	0.08	-0.13
asv972	0.55	0.23	0.3	0.19	-0.09	-0.09	0.33	0.39	0.23
asv982	0.57	0.33	0.25	0.13	-0.11	-0.06	0.21	0.27	0.08
asv983	0.48	0.22	0.2	0.02	-0.16	0.06	0.28	0.36	0.21
asv992	0.51	0.25	0.22	0.05	-0.14	0.02	0.26	0.33	0.17
asv999	0.34	0.09	0.21	0.12	-0.07	-0.04	0.29	0.34	0.25
asv1000	0.63	0.42	0.33	0.4	0.05	-0.34	0.1	0.08	-0.13
asv1005	0.46	0.25	0.24	0.22	-0.02	-0.16	0.18	0.2	0.05
asv1009	0.58	0.31	0.25	0.11	-0.12	-0.04	0.25	0.31	0.12
asv1010	0.57	0.24	0.3	0.19	-0.1	-0.08	0.34	0.41	0.24
asv1019	0.46	0.23	0.17	-0.03	-0.17	0.09	0.25	0.33	0.18
asv1057	0.11	-0.17	0.18	0.13	-0.02	-0.02	0.4	0.46	0.48
asv1063	0.65	0.41	0.33	0.35	0.01	-0.28	0.15	0.15	-0.07
asv1085	0.15	-0.14	0.2	0.15	-0.03	-0.04	0.41	0.47	0.47
asv1098	0.12	-0.15	0.18	0.15	-0.01	-0.04	0.37	0.43	0.44
asv1102	0.4	0.28	0.15	0.1	-0.05	-0.07	0.07	0.08	-0.06
asv1115	0.02	-0.05	-0.09	-0.36	-0.23	0.36	0.14	0.24	0.23
asv1122	0.65	0.4	0.33	0.35	0.01	-0.28	0.16	0.16	-0.05
asv1125	0.39	0.17	0.19	0.1	-0.08	-0.03	0.22	0.27	0.15
asv1132	0.63	0.42	0.33	0.4	0.05	-0.34	0.1	0.08	-0.13
asv1155	0.11	-0.13	0.11	-0.06	-0.12	0.14	0.37	0.46	0.46
asv1159	0.54	0.3	0.23	0.11	-0.11	-0.04	0.21	0.26	0.09
asv1177	0.57	0.29	0.27	0.14	-0.11	-0.06	0.27	0.33	0.15
asv1206	0.64	0.43	0.3	0.32	0	-0.26	0.11	0.1	-0.11
asv1220	0.03	0.01	-0.1	-0.35	-0.21	0.33	0.05	0.14	0.11
asv1223	0.66	0.4	0.35	0.38	0.02	-0.3	0.18	0.18	-0.04
asv1243	0.6	0.26	0.34	0.26	-0.06	-0.15	0.34	0.39	0.22
asv1275	-0.06	-0.02	-0.13	-0.33	-0.16	0.3	-0.01	0.05	0.05
asv1295	0.35	0.13	0.13	-0.1	-0.19	0.15	0.26	0.36	0.25
asv1296	0.42	0.3	0.22	0.28	0.04	-0.24	0.05	0.02	-0.12
asv1304	0.37	0.05	0.27	0.21	-0.04	-0.1	0.38	0.43	0.35
asv1309	0.47	0.24	0.21	0.08	-0.11	-0.01	0.23	0.29	0.13
asv1313	0.66	0.43	0.33	0.36	0.01	-0.29	0.14	0.13	-0.09
asv1317	0.44	0.26	0.26	0.32	0.05	-0.26	0.12	0.11	-0.03
asv1336	0.44	0.14	0.22	0.04	-0.14	0.05	0.35	0.44	0.31
asv1343	0.3	0.2	0.04	-0.18	-0.19	0.19	0.1	0.18	0.06
asv1360	0.47	0.32	0.2	0.16	-0.04	-0.12	0.08	0.1	-0.07
asv1361	0.45	0.2	0.19	0	-0.16	0.07	0.27	0.36	0.21
asv1367	0.65	0.36	0.32	0.27	-0.06	-0.18	0.24	0.28	0.07
asv1369	0.51	0.26	0.25	0.16	-0.08	-0.09	0.23	0.28	0.11
asv1370	0.36	0.21	0.09	-0.12	-0.18	0.15	0.15	0.24	0.1
asv1372	0.3	0.18	0.08	-0.07	-0.14	0.1	0.12	0.18	0.07
asv1380	0.63	0.42	0.33	0.4	0.05	-0.34	0.1	0.08	-0.13
asv1382	0.52	0.23	0.24	0.07	-0.14	0.01	0.31	0.39	0.23
asv1399	0.6	0.33	0.3	0.24	-0.05	-0.16	0.23	0.26	0.07
asv1426	0.63	0.42	0.33	0.4	0.05	-0.34	0.1	0.08	-0.13
asv1450	0.53	0.26	0.24	0.09	-0.13	-0.01	0.28	0.35	0.18
asv1456	0.51	0.2	0.25	0.1	-0.13	-0.01	0.33	0.41	0.25
asv1458	0.67	0.43	0.33	0.32	-0.01	-0.25	0.16	0.17	-0.06
asv1464	0.46	0.17	0.24	0.12	-0.1	-0.03	0.31	0.38	0.25
asv1472	0.51	0.23	0.23	0.05	-0.15	0.03	0.29	0.37	0.22
asv1486	0.48	0.18	0.26	0.15	-0.1	-0.05	0.34	0.4	0.27
asv1487	0.62	0.33	0.3	0.2	-0.08	-0.12	0.26	0.3	0.11
asv1497	0.38	0.1	0.26	0.23	-0.02	-0.13	0.32	0.36	0.26
asv1536	0.65	0.36	0.35	0.35	-0.01	-0.25	0.25	0.26	0.06
asv1546	0.46	0.31	0.24	0.31	0.04	-0.26	0.07	0.06	-0.1
asv1550	0.53	0.36	0.21	0.14	-0.07	-0.1	0.1	0.13	-0.06
asv1553	0.1	-0.15	0.14	0.06	-0.05	0.03	0.36	0.42	0.44
asv1555	0.43	0.15	0.2	0.03	-0.14	0.05	0.31	0.39	0.26
asv1576	0.63	0.42	0.33	0.4	0.05	-0.34	0.1	0.08	-0.13
asv1587	0.38	0.12	0.16	-0.05	-0.17	0.12	0.3	0.39	0.28
asv1603	0.32	0.13	0.14	0.02	-0.11	0.04	0.2	0.26	0.17
asv1609	0.44	0.26	0.25	0.31	0.04	-0.25	0.13	0.11	-0.02
asv1617	0.36	0.25	0.12	0.02	-0.09	0	0.07	0.11	-0.03
asv1622	0.63	0.42	0.33	0.4	0.05	-0.34	0.1	0.08	-0.13
asv1644	0.25	0.05	0.08	-0.17	-0.21	0.23	0.27	0.38	0.3
asv1645	0.42	0.16	0.2	0.03	-0.14	0.05	0.29	0.37	0.25
asv1656	0.08	-0.12	0.04	-0.2	-0.18	0.26	0.32	0.43	0.42
asv1662	0.43	0.14	0.23	0.11	-0.1	-0.02	0.32	0.39	0.27
asv1665	0.33	0.08	0.13	-0.1	-0.19	0.17	0.31	0.41	0.31
asv1683	0.45	0.19	0.18	-0.01	-0.16	0.07	0.27	0.36	0.21
asv1724	0.47	0.31	0.19	0.12	-0.06	-0.09	0.1	0.12	-0.04
asv1753	0.64	0.31	0.35	0.28	-0.06	-0.17	0.32	0.36	0.17
asv1757	0.08	0	-0.05	-0.31	-0.22	0.32	0.15	0.24	0.21
asv1763	0.66	0.4	0.33	0.31	-0.02	-0.24	0.19	0.21	-0.01
asv1765	0.48	0.19	0.24	0.09	-0.12	0	0.31	0.38	0.24
asv1787	0.56	0.38	0.25	0.22	-0.04	-0.17	0.1	0.11	-0.08
asv1826	0.63	0.42	0.33	0.4	0.05	-0.34	0.1	0.08	-0.13
asv1847	0.6	0.37	0.33	0.37	0.03	-0.3	0.16	0.15	-0.04
asv1858	0.66	0.37	0.34	0.3	-0.04	-0.21	0.24	0.26	0.05
asv1871	0.12	-0.12	0.12	0	-0.09	0.09	0.35	0.43	0.43
asv1901	0.49	0.26	0.22	0.11	-0.09	-0.05	0.2	0.25	0.09
asv1902	0.09	-0.15	0.11	-0.05	-0.11	0.13	0.37	0.46	0.47
asv1916	0.11	-0.1	0.07	-0.11	-0.14	0.17	0.31	0.4	0.39
asv1952	0.33	0.16	0.11	-0.08	-0.16	0.12	0.19	0.26	0.15
asv1962	0.28	-0.03	0.27	0.26	0.01	-0.14	0.39	0.43	0.39
asv1971	0.26	0.03	0.11	-0.11	-0.18	0.18	0.31	0.41	0.34
asv2001	0.67	0.42	0.35	0.4	0.03	-0.32	0.15	0.14	-0.07
asv2030	0.64	0.42	0.3	0.27	-0.03	-0.21	0.14	0.15	-0.07
asv2040	0.51	0.32	0.19	0.07	-0.12	-0.02	0.15	0.2	0.02
asv2132	0.39	0.19	0.19	0.1	-0.07	-0.04	0.19	0.24	0.12
asv2150	0.56	0.38	0.25	0.23	-0.03	-0.19	0.1	0.1	-0.09
asv2153	-0.01	-0.06	-0.09	-0.36	-0.22	0.36	0.13	0.23	0.22
asv2159	0.14	-0.14	0.16	0.06	-0.07	0.04	0.4	0.48	0.48
asv2165	0.54	0.24	0.3	0.24	-0.05	-0.14	0.3	0.34	0.19
asv2173	0.48	0.15	0.27	0.12	-0.12	-0.01	0.38	0.46	0.33
asv2177	0.53	0.3	0.22	0.07	-0.13	-0.01	0.21	0.27	0.09
asv2207	0.52	0.25	0.24	0.09	-0.13	-0.01	0.28	0.35	0.18
asv2226	0.06	-0.12	0.05	-0.1	-0.12	0.16	0.27	0.35	0.36
asv2291	0.16	-0.04	0.06	-0.16	-0.18	0.22	0.29	0.39	0.36
asv2300	0.12	-0.15	0.18	0.15	-0.01	-0.04	0.37	0.43	0.44
asv2307	0.46	0.27	0.16	-0.02	-0.15	0.06	0.17	0.24	0.08
asv2321	0.33	0.06	0.17	-0.03	-0.16	0.11	0.34	0.44	0.35
asv2328	0.55	0.35	0.29	0.35	0.04	-0.29	0.11	0.09	-0.09
asv2359	0.43	0.22	0.18	0.04	-0.12	0.02	0.21	0.27	0.13
asv2373	0.64	0.43	0.32	0.37	0.03	-0.3	0.11	0.09	-0.12
asv2378	0.3	0.14	0.08	-0.12	-0.17	0.16	0.17	0.25	0.15
asv2388	0.32	0.11	0.1	-0.14	-0.2	0.19	0.26	0.36	0.25
asv2389	0.44	0.21	0.18	0.01	-0.14	0.04	0.23	0.3	0.15
asv2401	0.63	0.42	0.33	0.4	0.05	-0.34	0.1	0.08	-0.13
asv2408	0.44	0.2	0.19	0.05	-0.12	0.02	0.24	0.31	0.17
asv2474	0.07	-0.16	0.15	0.12	-0.01	-0.02	0.33	0.38	0.41
asv2490	0.63	0.42	0.33	0.4	0.05	-0.34	0.1	0.08	-0.13
asv2515	0.08	-0.09	0.14	0.15	0.02	-0.08	0.23	0.25	0.26
asv2604	0.3	-0.04	0.25	0.18	-0.05	-0.06	0.43	0.49	0.45
asv2626	0.63	0.42	0.33	0.4	0.05	-0.34	0.1	0.08	-0.13
asv2643	0.63	0.42	0.33	0.4	0.05	-0.34	0.1	0.08	-0.13
asv2648	0.5	0.34	0.21	0.17	-0.04	-0.13	0.09	0.1	-0.07
asv2659	0.67	0.41	0.35	0.37	0.01	-0.29	0.18	0.19	-0.03
asv2670	0.35	0.04	0.23	0.12	-0.08	-0.02	0.38	0.45	0.37
asv2763	0.49	0.34	0.18	0.1	-0.08	-0.07	0.09	0.11	-0.06
asv2831	0.51	0.24	0.22	0.06	-0.14	0.02	0.27	0.35	0.19
asv2874	0.45	0.28	0.21	0.18	-0.03	-0.13	0.11	0.13	-0.03
asv2880	0.63	0.42	0.33	0.4	0.05	-0.34	0.1	0.08	-0.13
asv2933	0.23	-0.01	0.11	-0.09	-0.17	0.17	0.32	0.42	0.37
asv2945	0.13	-0.13	0.19	0.15	-0.02	-0.04	0.37	0.42	0.43
asv2961	0.12	-0.15	0.18	0.15	-0.01	-0.04	0.37	0.43	0.44
asv2989	0.12	-0.15	0.18	0.15	-0.01	-0.04	0.37	0.43	0.44
asv3028	0.11	-0.15	0.15	0.06	-0.06	0.03	0.37	0.44	0.45
asv3029	0.64	0.38	0.32	0.3	-0.03	-0.22	0.2	0.21	0.01
asv3035	-0.04	-0.02	-0.14	-0.38	-0.2	0.35	0.02	0.1	0.09
asv3089	-0.02	-0.04	-0.12	-0.38	-0.22	0.37	0.08	0.18	0.17
asv3106	0.53	0.27	0.23	0.09	-0.13	-0.02	0.25	0.32	0.15
asv3113	0.13	-0.16	0.2	0.16	-0.02	-0.04	0.4	0.46	0.47
asv3124	0.51	0.26	0.26	0.17	-0.07	-0.1	0.24	0.29	0.13
asv3162	0.63	0.42	0.33	0.4	0.05	-0.34	0.1	0.08	-0.13
asv3297	0.47	0.22	0.22	0.1	-0.1	-0.03	0.24	0.3	0.16
asv3301	0.17	-0.09	0.1	-0.12	-0.17	0.2	0.37	0.48	0.46
asv3313	0.55	0.36	0.27	0.28	0	-0.23	0.11	0.1	-0.08
asv3323	0.19	-0.09	0.22	0.2	0	-0.09	0.36	0.41	0.39
asv3411	-0.03	-0.01	-0.15	-0.41	-0.22	0.38	0.02	0.11	0.09
asv3416	0.65	0.43	0.3	0.3	-0.02	-0.23	0.13	0.14	-0.08
asv3453	0.06	-0.12	0.05	-0.1	-0.12	0.16	0.27	0.35	0.36
asv3474	0.37	0.26	0.11	-0.01	-0.11	0.03	0.06	0.1	-0.04
asv3543	0.44	0.22	0.17	-0.01	-0.15	0.07	0.23	0.31	0.16
asv3578	0.46	0.19	0.21	0.02	-0.15	0.05	0.3	0.39	0.25
asv3586	0.12	-0.15	0.18	0.15	-0.01	-0.04	0.37	0.43	0.44
asv3604	0.45	0.16	0.23	0.09	-0.11	-0.01	0.31	0.38	0.25
asv3639	0.1	-0.17	0.17	0.11	-0.04	0	0.39	0.46	0.48
asv3663	0.01	-0.06	-0.08	-0.34	-0.22	0.35	0.14	0.25	0.24
asv3762	0.65	0.42	0.32	0.35	0.01	-0.28	0.14	0.13	-0.09
asv3763	0.64	0.43	0.3	0.33	0	-0.27	0.11	0.1	-0.11
asv3766	0.64	0.35	0.33	0.3	-0.03	-0.21	0.24	0.27	0.07
asv3774	0.17	-0.05	0.11	-0.05	-0.12	0.12	0.31	0.39	0.37
asv3792	0.4	0.16	0.17	0	-0.15	0.07	0.27	0.35	0.22
asv3793	0.59	0.36	0.28	0.24	-0.04	-0.17	0.17	0.2	0
asv3828	0.63	0.37	0.3	0.26	-0.05	-0.18	0.2	0.23	0.02
asv3832	0.63	0.33	0.35	0.33	-0.02	-0.24	0.26	0.29	0.09
asv3836	0.63	0.33	0.31	0.24	-0.07	-0.15	0.27	0.31	0.11
asv3871	0.58	0.38	0.28	0.27	-0.01	-0.21	0.12	0.13	-0.07
asv3896	0.52	0.3	0.25	0.21	-0.04	-0.14	0.18	0.21	0.04
asv3966	0.63	0.42	0.33	0.4	0.05	-0.34	0.1	0.08	-0.13
asv3975	0.33	0.17	0.16	0.11	-0.05	-0.06	0.14	0.16	0.06
asv4232	0.39	0.08	0.24	0.13	-0.09	-0.03	0.36	0.43	0.33
asv4249	0.42	0.07	0.3	0.22	-0.05	-0.1	0.42	0.48	0.38
asv4276	0.63	0.42	0.33	0.4	0.05	-0.34	0.1	0.08	-0.13
asv4293	0.41	0.17	0.22	0.14	-0.06	-0.07	0.24	0.28	0.16
asv4396	0.16	-0.12	0.2	0.15	-0.02	-0.04	0.39	0.44	0.44
asv4398	0.34	0.2	0.07	-0.14	-0.19	0.17	0.14	0.22	0.09
asv4466	0.56	0.23	0.32	0.24	-0.06	-0.13	0.34	0.39	0.23
asv4549	0.01	-0.03	-0.1	-0.37	-0.23	0.37	0.11	0.21	0.2
asv4561	0.51	0.26	0.21	0.06	-0.13	0.01	0.24	0.31	0.14
asv4596	0.12	-0.16	0.18	0.11	-0.04	0	0.41	0.47	0.48
asv4614	0.42	0.24	0.26	0.34	0.06	-0.27	0.13	0.11	-0.02
asv4633	0.41	0.21	0.2	0.13	-0.06	-0.08	0.17	0.21	0.08
asv4645	0	-0.04	-0.1	-0.37	-0.22	0.36	0.1	0.2	0.19
asv4785	0.43	0.18	0.19	0.02	-0.15	0.05	0.28	0.36	0.22
asv4934	0.11	-0.17	0.19	0.16	-0.01	-0.05	0.4	0.45	0.47
asv4949	0.05	-0.12	0.09	0.05	-0.03	0.02	0.25	0.29	0.31
asv4955	0.09	-0.07	0.01	-0.23	-0.19	0.27	0.25	0.35	0.33
asv4995	0.57	0.37	0.26	0.23	-0.03	-0.18	0.12	0.14	-0.06
asv5058	0.49	0.33	0.2	0.15	-0.05	-0.12	0.09	0.11	-0.07
asv5156	0.5	0.34	0.22	0.18	-0.04	-0.14	0.1	0.11	-0.06
asv5302	0.63	0.42	0.33	0.4	0.05	-0.34	0.1	0.08	-0.13
asv5342	0.66	0.43	0.33	0.36	0.01	-0.29	0.13	0.12	-0.1
asv5372	0.57	0.33	0.28	0.25	-0.03	-0.18	0.18	0.21	0.02
asv5377	0.19	-0.03	0.13	0	-0.1	0.07	0.3	0.37	0.34
asv5432	-0.01	-0.01	-0.12	-0.36	-0.2	0.34	0.04	0.12	0.1
asv5440	0.46	0.32	0.24	0.32	0.05	-0.27	0.06	0.03	-0.12
asv5454	0.63	0.42	0.33	0.4	0.05	-0.34	0.1	0.08	-0.13
asv5468	0.56	0.24	0.35	0.36	0.01	-0.25	0.3	0.32	0.17
asv5547	0.42	0.12	0.27	0.21	-0.04	-0.11	0.33	0.38	0.27
asv5582	0.65	0.38	0.37	0.44	0.05	-0.35	0.2	0.19	-0.02
asv5652	0.12	-0.15	0.18	0.15	-0.01	-0.04	0.37	0.43	0.44
asv5745	0.06	-0.03	-0.06	-0.32	-0.22	0.33	0.16	0.26	0.24
asv5784	0.12	-0.15	0.18	0.15	-0.01	-0.04	0.37	0.43	0.44
asv5900	0.63	0.42	0.33	0.4	0.05	-0.34	0.1	0.08	-0.13
asv6040	0.63	0.42	0.33	0.4	0.05	-0.34	0.1	0.08	-0.13
asv6101	0.16	-0.1	0.15	0.03	-0.08	0.06	0.36	0.44	0.42
asv6113	0.56	0.34	0.29	0.3	0	-0.23	0.15	0.16	-0.02
asv6142	0.63	0.42	0.33	0.4	0.05	-0.34	0.1	0.08	-0.13
asv6254	0.57	0.35	0.3	0.33	0.02	-0.26	0.14	0.14	-0.04
asv6329	0.16	-0.11	0.18	0.11	-0.04	-0.01	0.37	0.43	0.42
asv6362	0.63	0.42	0.33	0.4	0.05	-0.34	0.1	0.08	-0.13
asv6412	0.12	-0.15	0.18	0.15	-0.01	-0.04	0.37	0.43	0.44
asv6516	0.05	-0.12	0.04	-0.14	-0.14	0.19	0.27	0.36	0.37
asv6545	0.62	0.35	0.32	0.29	-0.03	-0.21	0.23	0.25	0.05
asv6826	0.63	0.42	0.33	0.4	0.05	-0.34	0.1	0.08	-0.13
asv6909	0.11	-0.12	0.17	0.16	0	-0.07	0.33	0.36	0.37
asv7150	0.66	0.4	0.36	0.42	0.04	-0.34	0.17	0.16	-0.05
asv7275	0.12	-0.15	0.18	0.15	-0.01	-0.04	0.37	0.43	0.44
asv7571	0.06	-0.11	0.05	-0.09	-0.11	0.15	0.27	0.34	0.35
asv7737	0.11	-0.15	0.17	0.11	-0.03	-0.01	0.37	0.43	0.44
asv8484	0.59	0.37	0.29	0.29	-0.01	-0.23	0.14	0.14	-0.05
asv8941	0.08	-0.15	0.15	0.12	-0.01	-0.03	0.32	0.37	0.39
asv8950	0.12	-0.15	0.18	0.15	-0.01	-0.04	0.37	0.43	0.44
asv9064	0.12	-0.15	0.18	0.15	-0.01	-0.04	0.37	0.43	0.44
asv9121	0.1	-0.15	0.17	0.14	-0.01	-0.04	0.35	0.39	0.41
asv9578	0.44	0.15	0.28	0.25	-0.02	-0.15	0.3	0.34	0.22
asv10535	0.12	-0.15	0.18	0.15	-0.01	-0.04	0.37	0.43	0.44
asv10666	0.63	0.42	0.33	0.4	0.05	-0.34	0.1	0.08	-0.13
asv11029	0.12	-0.15	0.18	0.15	-0.01	-0.04	0.37	0.43	0.44
asv11493	0.63	0.42	0.33	0.4	0.05	-0.34	0.1	0.08	-0.13
asv12129	0.63	0.42	0.33	0.4	0.05	-0.34	0.1	0.08	-0.13
asv12158	0.12	-0.15	0.18	0.15	-0.01	-0.04	0.37	0.43	0.44
asv12950	0.12	-0.15	0.18	0.15	-0.01	-0.04	0.37	0.43	0.44
asv14039	0.63	0.42	0.33	0.4	0.05	-0.34	0.1	0.08	-0.13
asv14040	0.63	0.42	0.33	0.4	0.05	-0.34	0.1	0.08	-0.13
asv14071	0.12	-0.15	0.18	0.15	-0.01	-0.04	0.37	0.43	0.44
asv14072	0.12	-0.15	0.18	0.15	-0.01	-0.04	0.37	0.43	0.44
asv14073	0.12	-0.15	0.18	0.15	-0.01	-0.04	0.37	0.43	0.44
asv14074	0.12	-0.15	0.18	0.15	-0.01	-0.04	0.37	0.43	0.44
